start=626.833333
volume=46.000000
